-410.484985 2223.613525 -79.981285 0.000000 -37.221115999999995 0.000000
74.850021 2226.697998 -79.981285 0.000000 -131.010235 0.000000
-106.144050 1823.600585 -80.968750 0.000000 138.048298 0.000000
437.974029 2000.522705 112.031250 0.000000 -136.297089 0.000000
419.686279 1919.781616 -17.350421 0.000000 -94.717049 0.000000
527.742431 1919.295776 -64.968750 0.000000 -60.463357 0.000000
595.854125 1980.394287 -1.968750 0.000000 -54.207108000000005 0.000000
797.885681 1994.242187 -64.968750 0.000000 -135.703805 0.000000
523.031250 1438.127197 -64.968750 0.000000 50.06015099999999 0.000000
542.675415 1306.968750 -48.968750 0.000000 2.4613650000000007 0.000000
913.496520 652.744812 -153.968750 0.000000 81.028008 0.000000
1045.031250 522.031250 -153.968750 0.000000 46.71457000000001 0.000000
975.291870 773.361511 -153.968750 0.000000 -41.039185 0.000000
1028.176879 1595.781738 -65.968750 0.000000 -46.34608499999999 0.000000
1290.032226 1550.829467 -65.968750 0.000000 -100.994271 0.000000
1274.210083 1683.754760 -64.968750 0.000000 134.245888 0.000000
1278.650268 1988.167602 -1.968750 0.000000 -137.624516 0.000000
871.989501 1680.097290 -64.968750 0.000000 50.05963199999999 0.000000
1016.472839 2082.525146 -49.968750 0.000000 141.967728 0.000000
1019.220275 2225.544189 -64.968750 0.000000 -119.210373 0.000000
551.687072 2080.819580 -64.968750 0.000000 42.02096599999999 0.000000
541.271179 2247.832031 -64.968750 0.000000 -48.944976999999994 0.000000
468.026092 2251.840820 -64.967681 0.000000 -136.773118 0.000000
223.424789 2246.586669 -78.968750 0.000000 -35.19168099999999 0.000000
147.031250 2186.518066 -78.968750 0.000000 -57.632324999999994 0.000000
147.031250 2103.860839 -78.968750 0.000000 92.946946 0.000000
454.968750 1299.031250 -79.968750 0.000000 128.520138 0.000000
143.629058 1359.675537 -79.968757 0.000000 99.550606 0.000000
452.968750 1299.031250 80.031250 0.000000 132.566124 0.000000
-192.192321 1634.031250 -80.968750 0.000000 149.748992 0.000000
-529.454101 1119.994262 -79.970275 0.000000 96.130715 0.000000
-438.536071 1131.995971 17.031250 0.000000 104.090294 0.000000
-69.031257 1233.975708 80.031250 0.000000 175.548453 0.000000
3267.303466 -412.093536 -107.968750 0.000000 155.292016 0.000000
3290.070068 344.105957 -153.969116 0.000000 -135.843388 0.000000
2756.525146 352.901611 -153.969116 0.000000 -38.067353 0.000000
2475.907226 -473.214996 -109.718750 0.000000 138.52499799999998 0.000000
2494.968750 -928.309020 -153.968872 0.000000 -133.819523 0.000000
2494.968750 -984.968750 -153.968872 0.000000 87.955613 0.000000
2198.007568 -970.596679 -153.968872 0.000000 93.539406 0.000000
2074.968750 -968.017395 -153.968872 0.000000 98.885491 0.000000
1588.968750 -1045.968750 -153.968872 0.000000 94.984719 0.000000
1527.702148 -1031.629272 -153.968872 0.000000 32.61488399999999 0.000000
1538.879272 -518.077758 -153.968902 0.000000 -38.665284000000014 0.000000
1431.025268 -814.237854 -152.968750 0.000000 135.891579 0.000000
1446.968750 -610.129089 -152.968750 0.000000 -124.606766 0.000000
1033.410400 -477.482971 -152.968750 0.000000 -154.333214 0.000000
875.874694 -409.872528 -152.968750 0.000000 40.65704400000001 0.000000
880.842834 -218.600311 -152.968750 0.000000 -55.732682 0.000000
1317.803955 -194.000015 -152.968750 0.000000 -153.086928 0.000000
1320.968750 -408.253631 -152.968750 0.000000 130.385262 0.000000
846.156005 54.968742 -152.968750 0.000000 -24.182984000000005 0.000000
842.457763 -123.627647 -152.968750 0.000000 53.268395 0.000000
1686.476074 -113.739425 -89.968750 0.000000 135.914914 0.000000
850.294677 109.987831 -58.968750 0.000000 -1.690856999999994 0.000000
843.122863 445.841064 -152.968750 0.000000 -50.35962000000001 0.000000
757.893371 552.536926 -153.968750 0.000000 -130.139916 0.000000
511.373474 759.834106 -153.968750 0.000000 -82.6493 0.000000
773.968750 -116.237640 -143.368728 0.000000 114.231225 0.000000
345.798950 -264.387756 -102.968750 0.000000 -177.610192 0.000000
415.968750 -409.018554 -152.968750 0.000000 137.859612 0.000000
-344.818450 -405.495117 -152.968750 0.000000 177.740565 0.000000
-390.818450 -407.927917 -152.968750 0.000000 -0.439865999999995 0.000000
195.968734 -478.031250 -153.968750 0.000000 -137.876309 0.000000
189.630813 -1124.318969 -107.968750 0.000000 174.79009 0.000000
67.973808 -1363.272583 -107.968750 0.000000 -86.431489 0.000000
-221.916748 -1234.796264 -107.968750 0.000000 -88.866791 0.000000
-387.458007 -1312.607543 -141.968750 0.000000 92.580292 0.000000
-402.927459 -700.031250 -153.968750 0.000000 -37.465667999999994 0.000000
-302.968750 -486.986602 -153.968750 0.000000 -57.780579 0.000000
-677.031250 -1055.968750 -152.968750 0.000000 123.468415 0.000000
-1044.305297 -798.527404 -152.968750 0.000000 -28.258881000000002 0.000000
-695.516967 -457.264770 -80.734611 0.000000 -136.366951 0.000000
-1061.847656 -361.999938 -152.968750 0.000000 55.336327 0.000000
-1062.191772 -447.416748 -152.968750 0.000000 -44.29779099999999 0.000000
-1065.252075 -496.448760 -152.968750 0.000000 81.373261 0.000000
-492.358337 -175.860458 -152.968750 0.000000 -152.739707 0.000000
-473.696472 -410.226928 -152.968750 0.000000 85.006562 0.000000
-491.537078 -586.116210 29.031250 0.000000 -174.657017 0.000000
-562.428405 -753.078979 29.031250 0.000000 -5.766694000000001 0.000000
-296.082305 -498.770507 29.031250 0.000000 -12.534760000000006 0.000000
-1044.603637 -46.833950 -152.968750 0.000000 -37.86561599999999 0.000000
-1034.503173 -668.780517 -52.968750 0.000000 5.982224000000002 0.000000
-1137.031250 -262.624237 -153.968841 0.000000 127.53852499999999 0.000000
-1705.489746 -99.736869 -153.968841 0.000000 56.88826 0.000000
-1727.086059 372.284484 -152.444519 0.000000 -72.039849 0.000000
-1739.743896 464.375549 -152.968750 0.000000 36.682098999999994 0.000000
-1758.162109 977.546142 -153.968750 0.000000 36.087875999999994 0.000000
-1225.556884 999.993225 -152.968750 0.000000 -97.659684 0.000000
-1340.031250 1070.179687 -150.968750 0.000000 -93.818139 0.000000
-1243.661132 491.171813 -153.968750 0.000000 108.962716 0.000000
-1167.077270 374.126770 -153.968933 0.000000 -160.421742 0.000000
-1051.088500 399.115112 -152.968750 0.000000 -35.714707000000004 0.000000
-771.864013 381.060272 -152.968750 0.000000 -124.68697 0.000000
-982.459655 1409.772583 -79.969116 0.000000 -54.680679999999995 0.000000
-90.211387 1169.793334 -80.968750 0.000000 164.966955 0.000000
-2.080514 1310.554809 80.031250 0.000000 89.618226 0.000000
266.644989 -824.968750 -152.968750 0.000000 39.24255400000001 0.000000
370.350738 -1120.387451 -152.968750 0.000000 64.603272 0.000000
544.157592 -593.968750 -152.968750 0.000000 174.855881 0.000000
545.863525 -770.031250 -152.968750 0.000000 -130.040688 0.000000
482.108062 -1236.089355 -152.968750 0.000000 -32.098648999999995 0.000000
492.866668 -1426.015502 -152.968750 0.000000 46.27340699999999 0.000000
801.074218 -1454.228027 -152.968750 0.000000 149.221083 0.000000
983.434387 -1421.682983 -152.968750 0.000000 49.72253499999999 0.000000
1165.534057 -1445.723999 -152.968750 0.000000 147.713517 0.000000
1167.968750 -1233.031250 -152.968750 0.000000 -131.78009500000002 0.000000
1778.568115 -551.030029 -153.968902 0.000000 -120.61618899999999 0.000000
2033.465454 -521.668701 -153.968902 0.000000 -34.74350000000001 0.000000
1790.735229 -135.344070 -153.968902 0.000000 44.17936800000001 0.000000
2226.807373 854.899353 -146.788894 0.000000 -128.659253 0.000000
1975.869995 823.666503 -153.968765 0.000000 -62.82897199999999 0.000000
1716.394531 964.020141 -153.968765 0.000000 -144.388608 0.000000
928.943054 1447.750732 -64.968750 0.000000 127.989621 0.000000
941.182739 1591.994995 -26.718751 0.000000 -140.395688 0.000000
-380.536407 248.968734 -103.968750 0.000000 -142.912365 0.000000
-534.664794 -102.325782 -103.968750 0.000000 54.093911000000006 0.000000
-377.031250 -113.968742 -103.968750 0.000000 134.679982 0.000000
89.562240 -137.110916 -151.039367 0.000000 150.163563 0.000000
-69.031257 446.539184 -153.227310 0.000000 -178.017662 0.000000
-72.518661 564.406982 -134.208160 0.000000 -179.386966 0.000000
-316.702148 935.854309 -80.968750 0.000000 -60.286591 0.000000
-355.545959 1155.525878 -80.968750 0.000000 61.766221 0.000000
552.803405 -110.115196 -22.968750 0.000000 86.431077 0.000000
1201.837890 366.447845 -26.968750 0.000000 -86.736176 0.000000
1702.968750 453.788940 -152.968750 0.000000 -140.757927 0.000000
83.968742 1443.883422 -79.968757 0.000000 -178.028651 0.000000
-187.031265 1571.429199 -6.968750 0.000000 -178.326841 0.000000
-852.531127 782.750366 -110.964576 0.000000 177.019613 0.000000
-939.975402 961.145263 -90.109939 0.000000 -179.237661 0.000000
-766.257385 23.968738 -152.968750 0.000000 -179.230423 0.000000
905.031250 -477.031250 -152.968750 0.000000 -54.765534 0.000000
