-351.517028 1694.745971 -119.447288 0.000000 121.115155 0.000000
-546.660278 1722.120605 -110.752204 0.000000 54.072991 0.000000
-68.390037 2261.124755 -119.750038 0.000000 -48.253083000000004 0.000000
99.818801 2363.829833 -121.968750 0.000000 -0.31736799999998766 0.000000
130.483200 2505.438964 -121.968750 0.000000 -42.53105199999999 0.000000
466.057495 2507.043457 -121.968750 0.000000 -135.650479 0.000000
579.730346 2363.016357 36.137863 0.000000 -45.184754 0.000000
991.533569 2368.144042 31.733280 0.000000 -136.066815 0.000000
922.253234 2041.431640 9.176245 0.000000 46.544877000000014 0.000000
1305.705932 2321.694824 22.860225 0.000000 5.459595000000007 0.000000
1091.159301 2991.891357 142.227264 0.000000 -47.03048799999999 0.000000
1218.602172 2573.763427 101.031250 0.000000 101.389969 0.000000
1104.880249 2472.300292 101.031250 0.000000 3.1624300000000005 0.000000
707.440002 232.132919 20.342630 0.000000 -117.550889 0.000000
739.008422 -351.144897 22.755859 0.000000 127.66865200000001 0.000000
576.959594 -382.792510 15.647482 0.000000 43.59755000000001 0.000000
165.296600 -124.291679 49.139228 0.000000 -39.047898 0.000000
301.232116 431.764160 18.794200 0.000000 -161.491194 0.000000
-579.396911 590.355041 15.324028 0.000000 -38.937027 0.000000
-694.364074 424.146545 14.001364 0.000000 -69.837281 0.000000
-578.841857 231.654113 17.013095 0.000000 59.17228 0.000000
-474.889862 -7.627651 7.031250 0.000000 57.806084 0.000000
-484.735870 -242.731887 7.031250 0.000000 -47.430909000000014 0.000000
-465.188568 -553.667541 7.031250 0.000000 17.849610000000013 0.000000
170.279678 -383.040863 14.862522 0.000000 3.73594700000001 0.000000
346.150970 -810.412902 14.334040 0.000000 154.611878 0.000000
380.610015 -749.662170 8.865570 0.000000 -132.326111 0.000000
-542.053222 -960.261352 174.651519 0.000000 45.18145799999999 0.000000
-835.923767 -693.418334 140.435623 0.000000 -41.34506300000001 0.000000
-1391.488403 2765.104003 16.969177 0.000000 141.429486 0.000000
-1469.772949 2694.926757 9.949542 0.000000 176.178468 0.000000
-2003.958374 3106.018310 37.031250 0.000000 -137.58894800000002 0.000000
-2059.894287 3092.155273 37.031250 0.000000 -37.16378800000001 0.000000
-2190.968750 2152.026611 15.087515 0.000000 63.440003000000004 0.000000
-2123.060791 2393.858154 11.828810 0.000000 -30.883667000000003 0.000000
-1884.408203 2375.987548 12.071222 0.000000 -167.285677 0.000000
-1384.436645 2536.855957 11.895557 0.000000 -121.772591 0.000000
-1374.951171 2149.075195 10.569773 0.000000 128.18622299999998 0.000000
-2105.375000 1867.075927 8.784729 0.000000 53.02517 0.000000
-2158.189453 1248.286743 37.031250 0.000000 -43.48086599999999 0.000000
-2161.955566 1076.368286 37.031250 0.000000 56.137139000000005 0.000000
-1754.668334 1362.111328 37.031250 0.000000 -71.258454 0.000000
-1234.451049 1247.273803 111.023376 0.000000 -85.116494 0.000000
-1174.334716 1362.096557 -106.968750 0.000000 34.73294100000001 0.000000
-934.851196 1339.025146 -106.968750 0.000000 170.501798 0.000000
-602.915100 1496.735107 -106.968750 0.000000 -132.94949 0.000000
-293.818237 1505.866455 -117.589599 0.000000 179.118539 0.000000
-1040.995971 -390.652740 146.150085 0.000000 -175.178109 0.000000
-1002.961975 -196.302459 164.938262 0.000000 -140.567696 0.000000
-1105.043090 -193.163208 157.175323 0.000000 -32.45976300000001 0.000000
-2114.875000 -796.604248 138.139068 0.000000 -64.734253 0.000000
-2112.845214 -878.543762 141.443511 0.000000 49.293960999999996 0.000000
1727.028198 1876.738525 108.640922 0.000000 150.382763 0.000000
1549.304321 219.780105 -155.326080 0.000000 130.048554 0.000000
1351.724243 222.701843 -180.650405 0.000000 35.34515400000001 0.000000
1760.511474 923.104675 69.031250 0.000000 -137.370293 0.000000
1722.588745 354.138854 69.031250 0.000000 138.875721 0.000000
1205.564697 236.246398 14.252516 0.000000 142.202004 0.000000
1059.405883 264.937683 8.496861 0.000000 39.14329599999999 0.000000
684.627136 1162.985717 11.585638 0.000000 -121.55791099999999 0.000000
561.871765 809.457824 11.201746 0.000000 39.157700000000006 0.000000
721.106750 536.492797 8.347704 0.000000 -131.311394 0.000000
561.856628 352.949859 16.883096 0.000000 33.282501999999994 0.000000
157.895248 23.139253 14.089850 0.000000 35.89596599999999 0.000000
457.970123 1492.295654 5.031250 0.000000 125.626847 0.000000
439.605987 1736.444824 5.031250 0.000000 -50.98568800000001 0.000000
516.327331 2741.542724 101.031250 0.000000 -155.549305 0.000000
1372.424194 2542.075927 78.228523 0.000000 4.454316000000006 0.000000
-36.945323 2016.582275 -117.835029 0.000000 50.231674999999996 0.000000
-366.012908 2369.175048 -95.492111 0.000000 -136.185486 0.000000
-1107.618896 2586.492919 142.356246 0.000000 -134.304616 0.000000
-1205.576782 2123.678466 9.634848 0.000000 91.036042 0.000000
-1515.302978 2832.976562 16.886360 0.000000 -87.203629 0.000000
-1672.813720 1654.831909 19.811292 0.000000 51.25775200000001 0.000000
-1897.459838 1849.021850 8.653616 0.000000 130.24376 0.000000
-1585.179443 987.358581 37.031250 0.000000 -178.791104 0.000000
-1886.318725 640.418579 37.031250 0.000000 2.2798469999999895 0.000000
-1296.818481 165.698440 17.504816 0.000000 140.85989 0.000000
-1543.530273 -85.114814 33.680717 0.000000 145.528393 0.000000
-1354.883056 57.873828 17.902618 0.000000 119.39246 0.000000
-2021.495361 547.227416 37.031250 0.000000 -49.89726300000001 0.000000
-1889.997314 -484.570281 101.880187 0.000000 176.29808 0.000000
-1022.698547 -955.330932 155.885635 0.000000 137.466664 0.000000
941.188537 1167.496704 45.139228 0.000000 -46.966645 0.000000
1674.873779 990.798522 77.031250 0.000000 -90.62204 0.000000
330.483154 2733.207031 147.328430 0.000000 -27.025070999999997 0.000000
301.277465 2421.768066 101.031250 0.000000 45.957351999999986 0.000000
-471.916229 1560.972045 -113.286499 0.000000 -55.930733000000004 0.000000
-748.685668 1343.203857 -106.968750 0.000000 40.42778100000001 0.000000
-1420.411743 1226.712036 37.031250 0.000000 -132.228508 0.000000
-1135.990966 1510.968750 -66.860771 0.000000 -178.8709 0.000000
454.299377 1383.349731 85.031250 0.000000 -175.32927899999999 0.000000
469.053161 1931.151977 101.031250 0.000000 -179.985859 0.000000
289.125305 2111.385986 101.031250 0.000000 1.3227850000000103 0.000000
-727.133300 -637.031250 153.031250 0.000000 -85.389809 0.000000
-229.679946 -570.968750 7.031250 0.000000 92.02736 0.000000
-1002.648498 -663.616088 135.031250 0.000000 178.223826 0.000000
-1479.400634 -972.529602 148.921417 0.000000 96.235558 0.000000
485.605987 1755.983520 5.031250 0.000000 -130.648755 0.000000
983.625000 2546.676757 101.031250 0.000000 176.128777 0.000000
1334.611694 2906.837158 138.049713 0.000000 92.513688 0.000000
762.438659 2726.968750 101.031250 0.000000 -8.94134600000001 0.000000
924.832031 2718.949951 101.031250 0.000000 -65.600304 0.000000
473.175598 2002.966918 141.139221 0.000000 -176.524596 0.000000
36.505760 1574.968750 5.031250 0.000000 -91.245881 0.000000
-100.505760 1574.968750 5.031250 0.000000 -88.097634 0.000000
372.098388 1381.136718 5.031250 0.000000 178.901785 0.000000
-284.970153 1433.035278 -22.879852 0.000000 -179.15754 0.000000
