1325.861572 1214.477416 171.082839 0.000000 -1.0467229999999859 0.000000
1226.646972 326.735382 133.031250 0.000000 -87.870102 0.000000
1028.025390 31.780603 261.031250 0.000000 -35.601731 0.000000
1126.968750 -255.576354 261.031250 0.000000 133.767483 0.000000
1125.540283 -443.532348 261.031250 0.000000 -179.326302 0.000000
1022.722473 -532.734130 261.031250 0.000000 48.84536800000001 0.000000
1014.196594 -350.590515 261.031250 0.000000 -54.728638000000004 0.000000
1221.078247 -642.076904 133.031250 0.000000 141.394051 0.000000
809.085021 -489.445953 101.031250 0.000000 -44.48796100000001 0.000000
828.092529 -722.444519 100.649566 0.000000 70.427605 0.000000
317.149627 -512.812133 101.031250 0.000000 93.296311 0.000000
-382.026458 -585.330261 197.031250 0.000000 93.355385 0.000000
-317.586975 -395.150268 197.031250 0.000000 -120.326127 0.000000
-215.775680 116.442047 187.031250 0.000000 98.896157 0.000000
-23.728778 319.291748 187.031250 0.000000 -135.948189 0.000000
189.548416 168.942565 187.031250 0.000000 -61.143944000000005 0.000000
-37.518737 -187.925430 42.333805 0.000000 81.376511 0.000000
-164.571655 -249.946380 40.416038 0.000000 96.72155 0.000000
-691.683532 -441.258880 12.178085 0.000000 131.213254 0.000000
-965.767456 -463.179138 5.022930 0.000000 96.143639 0.000000
-966.394531 191.015441 5.031250 0.000000 -88.190529 0.000000
-1451.136474 58.385658 -58.968780 0.000000 139.109822 0.000000
-564.968750 902.968750 -26.968751 0.000000 -40.944489000000004 0.000000
-463.979522 458.421051 47.031250 0.000000 140.617737 0.000000
230.520050 1228.659179 101.031250 0.000000 105.069687 0.000000
-43.625129 1340.103271 111.031250 0.000000 -0.4013520000000028 0.000000
1833.095336 669.186584 165.031250 0.000000 -88.484337 0.000000
1817.002319 290.758361 165.031250 0.000000 34.1335 0.000000
2531.612792 504.911407 217.031250 0.000000 -118.44184899999999 0.000000
2514.999023 -163.356475 85.031250 0.000000 179.467118 0.000000
1986.174804 -211.689208 85.031250 0.000000 42.70661999999999 0.000000
2078.718750 -502.381347 119.412902 0.000000 87.434853 0.000000
2452.468261 934.006225 165.031250 0.000000 -174.99117 0.000000
659.439575 -2.772506 98.906326 0.000000 -124.941006 0.000000
346.942901 709.653076 95.031250 0.000000 -144.110875 0.000000
836.254699 681.403869 101.031250 0.000000 -176.741344 0.000000
1642.503051 1656.085449 165.031250 0.000000 38.78151 0.000000
1656.678588 2070.784912 165.031250 0.000000 3.220947999999993 0.000000
1786.711547 2273.019287 257.062774 0.000000 94.574738 0.000000
2552.880615 2598.968750 149.278594 0.000000 -173.652295 0.000000
2560.289062 2425.019531 137.031250 0.000000 -124.98391000000001 0.000000
2646.931152 1679.737060 165.031250 0.000000 -137.87378 0.000000
2405.482666 1394.333007 165.031250 0.000000 105.939583 0.000000
2564.491943 1519.900634 165.031250 0.000000 -135.517785 0.000000
2632.637451 1282.764648 165.031250 0.000000 -148.466979 0.000000
2512.341796 1293.160522 165.031250 0.000000 -35.749482 0.000000
1336.537597 -74.883972 133.031250 0.000000 55.905106 0.000000
1554.142578 2971.364013 133.449539 0.000000 -31.24220299999999 0.000000
1318.968750 2664.866699 148.395339 0.000000 93.834679 0.000000
678.629943 2958.185546 139.828491 0.000000 -52.863586999999995 0.000000
781.836303 2970.484375 134.031250 0.000000 -151.586373 0.000000
482.677246 2468.019531 165.031234 0.000000 128.662858 0.000000
309.928771 2459.850341 165.031234 0.000000 140.978379 0.000000
28.930843 2653.571533 165.031234 0.000000 1.4675599999999918 0.000000
36.108352 3215.726074 165.042678 0.000000 -88.028847 0.000000
111.386611 3116.546875 165.058502 0.000000 -117.827714 0.000000
417.992645 3563.865234 165.031250 0.000000 -53.200706999999994 0.000000
781.886596 3578.558593 167.881439 0.000000 -158.140868 0.000000
929.318847 3456.637451 133.031250 0.000000 -90.599396 0.000000
644.317443 3087.196044 165.031250 0.000000 34.354691 0.000000
641.801940 3264.374267 165.031250 0.000000 -38.98109500000001 0.000000
1025.768920 2967.955322 133.031250 0.000000 -165.562606 0.000000
941.779235 2911.617919 133.031250 0.000000 44.82806400000001 0.000000
860.437927 2383.515625 149.031250 0.000000 93.417206 0.000000
845.178894 1897.031250 139.912216 0.000000 -178.650892 0.000000
2562.009521 42.650581 217.031250 0.000000 -174.687402 0.000000
1557.909057 -51.815036 133.031250 0.000000 -53.072579000000005 0.000000
916.894104 -22.734497 100.771697 0.000000 -93.500458 0.000000
