-404.430877 838.091979 -78.968750 0.000000 -39.71691899999999 0.000000
-333.783843 852.719604 -122.206222 0.000000 -57.810868 0.000000
-221.608551 370.350402 -69.106079 0.000000 169.489511 0.000000
-1066.298583 411.315490 -74.968750 0.000000 135.433404 0.000000
-1165.090454 444.319152 -74.968750 0.000000 56.055047 0.000000
-1078.726074 745.400573 -74.968750 0.000000 -137.846127 0.000000
-1610.023071 814.748413 -42.968750 0.000000 -146.162106 0.000000
-1980.112060 812.745300 -42.968750 0.000000 -101.86969 0.000000
-2129.169921 813.781372 -117.747589 0.000000 -122.81799000000001 0.000000
-2283.534423 803.052917 -114.607536 0.000000 4.317825999999997 0.000000
-2502.031250 283.766815 -162.968750 0.000000 -3.4044959999999946 0.000000
-2071.973144 -423.503631 -162.968750 0.000000 -64.206971 0.000000
-1693.641479 -524.981201 -162.968750 0.000000 -88.759034 0.000000
-1681.582885 -781.627441 -162.969009 0.000000 -41.00465399999999 0.000000
-1145.000488 -482.581542 -162.968750 0.000000 -135.011506 0.000000
-1266.968750 -1504.203613 -144.777694 0.000000 56.689674999999994 0.000000
-1099.149536 -1508.051513 -152.458755 0.000000 36.45308 0.000000
-1009.190856 -1337.905761 -155.335418 0.000000 -117.56732600000001 0.000000
-851.902709 -1325.692749 -162.973098 0.000000 -38.92186000000001 0.000000
-512.539001 -1321.159667 -154.968750 0.000000 -134.338055 0.000000
-338.866790 -1548.006469 -162.968750 0.000000 -45.59445199999999 0.000000
-923.272705 -2581.868408 -162.968750 0.000000 132.52679899999998 0.000000
-1064.051391 -2252.934326 -162.968750 0.000000 -107.52488 0.000000
-1988.658813 -2014.784912 -283.442626 0.000000 30.323014 0.000000
-2018.292724 -1783.261962 -289.742675 0.000000 -49.11492999999999 0.000000
-1415.261962 -1615.510009 -239.165985 0.000000 138.525914 0.000000
-1461.261962 -1601.593994 -240.515548 0.000000 -127.681359 0.000000
-1686.503662 -1243.005004 -251.602905 0.000000 -51.352326000000005 0.000000
-1397.128417 -1062.110839 -162.968750 0.000000 118.785477 0.000000
-1415.794677 -2159.191894 -230.968750 0.000000 157.643921 0.000000
-791.334350 -2522.498046 -162.968750 0.000000 67.206574 0.000000
-141.288253 -2394.225097 -158.968750 0.000000 145.614655 0.000000
-238.985305 -2360.286132 -162.968750 0.000000 37.804047 0.000000
118.341033 -1945.543457 -162.968750 0.000000 -135.42625900000002 0.000000
124.997962 -2044.976196 -162.968750 0.000000 134.543248 0.000000
1.521305 -1449.064453 -162.723297 0.000000 -76.342919 0.000000
330.803497 -1668.352661 -170.366806 0.000000 84.013733 0.000000
711.300842 -1694.354980 -243.507415 0.000000 145.36266799999999 0.000000
436.266357 -1464.774414 -170.968750 0.000000 -127.133374 0.000000
583.541992 -1314.359375 -243.904144 0.000000 -60.837379999999996 0.000000
737.673034 -1056.207153 -246.391693 0.000000 -40.766053 0.000000
-321.406951 -907.749816 -160.468917 0.000000 30.015152 0.000000
188.839706 -915.463623 -151.393295 0.000000 33.183671000000004 0.000000
398.359527 -743.710571 -160.837600 0.000000 -130.38055500000002 0.000000
200.381118 262.274810 -250.968750 0.000000 0.5166940000000011 0.000000
189.994812 608.876464 -239.401794 0.000000 -6.730270999999988 0.000000
384.958862 649.596496 -252.968750 0.000000 -84.049004 0.000000
576.493347 823.430786 -130.968750 0.000000 -177.564275 0.000000
1328.930297 503.790740 -252.985839 0.000000 -147.626641 0.000000
1239.868286 -1437.324951 -162.968750 0.000000 92.048714 0.000000
943.104797 -1424.270751 -162.968750 0.000000 -41.16587899999999 0.000000
309.172088 -1978.224975 -34.968750 0.000000 -39.32496699999999 0.000000
-115.709991 -1450.449218 -64.132705 0.000000 -0.2990419999999858 0.000000
-771.755676 -1223.860839 -162.968750 0.000000 2.017089999999996 0.000000
-545.251892 -1221.585693 -162.968750 0.000000 141.445 0.000000
-537.956359 -999.565368 -162.968750 0.000000 -137.612641 0.000000
-786.178588 -893.198425 -162.968750 0.000000 -56.907967 0.000000
-945.312927 -242.606857 -358.968750 0.000000 -174.500361 0.000000
-1014.767639 440.474578 -362.968750 0.000000 -36.98966999999999 0.000000
-1631.373046 581.192138 -162.968750 0.000000 -138.520413 0.000000
-1277.406250 504.434051 -156.708572 0.000000 -143.165638 0.000000
-803.121887 261.792724 -161.099487 0.000000 -148.531275 0.000000
-1079.743896 -141.441284 -162.968750 0.000000 40.586944999999986 0.000000
-1089.069702 -83.510391 -162.968750 0.000000 -61.996871999999996 0.000000
-1163.237792 -91.666786 -45.492877 0.000000 -65.323563 0.000000
-1217.164306 -542.377502 -162.968750 0.000000 -52.92894 0.000000
-2025.699951 172.183395 -154.968750 0.000000 -178.98684 0.000000
-2189.647949 102.461997 -154.968750 0.000000 51.200928000000005 0.000000
-2388.842041 -222.583068 -155.739013 0.000000 43.894867000000005 0.000000
-1483.167846 -797.271484 -162.968750 0.000000 -121.62916200000001 0.000000
-707.245361 -2146.817626 -174.968750 0.000000 -131.073906 0.000000
-313.339782 -2191.168945 -165.279830 0.000000 -93.018219 0.000000
-1248.985839 -1458.203613 -147.754608 0.000000 132.503964 0.000000
-1143.984741 -1150.210937 -162.968750 0.000000 133.71179999999998 0.000000
-1226.019165 -725.593933 -123.968750 0.000000 55.921441 0.000000
-882.092712 26.160280 -48.968750 0.000000 -3.775574000000006 0.000000
-1055.799438 -194.775115 -54.968750 0.000000 89.965149 0.000000
96.863998 -909.567199 -34.968750 0.000000 86.370499 0.000000
707.576843 652.101013 -130.968750 0.000000 -81.692147 0.000000
1440.628906 -144.561828 -142.968750 0.000000 -178.062522 0.000000
958.004760 -1242.676025 -103.968750 0.000000 91.019524 0.000000
801.314270 -1700.963134 -103.968750 0.000000 125.926484 0.000000
168.603561 -1698.262573 -162.968750 0.000000 128.896309 0.000000
136.804443 -2062.968750 -32.968750 0.000000 141.904637 0.000000
-1925.070556 497.031250 -162.968750 0.000000 89.712761 0.000000
