2404.408691 -1766.904907 -410.968750 0.000000 58.17363 0.000000
2419.082519 -1720.904907 -410.968750 0.000000 148.619885 0.000000
2433.545410 -1424.516235 -410.968750 0.000000 -132.23935699999998 0.000000
2181.373535 -1696.805175 -410.968750 0.000000 38.29779099999999 0.000000
1745.031250 -2289.554199 -410.968750 0.000000 88.669274 0.000000
2071.368652 -2301.055664 -410.968750 0.000000 139.832448 0.000000
1551.031250 -1647.031250 -410.968750 0.000000 -45.19845599999999 0.000000
2777.567871 -625.049621 -346.968750 0.000000 65.816552 0.000000
3214.505126 -1008.343627 -346.968750 0.000000 53.110978 0.000000
3432.725585 -1038.794433 -346.968750 0.000000 154.500817 0.000000
3489.316406 -308.516571 -346.968750 0.000000 -130.51618200000001 0.000000
1441.007324 -305.597595 -410.968750 0.000000 -50.55145300000001 0.000000
1196.009765 -705.877990 -410.968750 0.000000 136.763554 0.000000
1365.793334 -342.487274 -410.968750 0.000000 -114.636925 0.000000
1079.342773 -506.596679 -410.968750 0.000000 58.929840999999996 0.000000
966.133178 -123.896202 -410.968750 0.000000 90.193879 0.000000
948.901000 654.896606 -474.968750 0.000000 -131.546208 0.000000
569.674743 870.681335 -474.968750 0.000000 88.451142 0.000000
318.354858 -206.094787 -410.968750 0.000000 56.711693 0.000000
662.261291 -236.117706 -410.968750 0.000000 171.512206 0.000000
624.924194 262.754974 -410.968750 0.000000 2.5622869999999978 0.000000
331.863555 682.827514 -474.968750 0.000000 -48.046722999999986 0.000000
830.735534 -296.168731 -762.968750 0.000000 -53.785011999999995 0.000000
926.678649 -299.235351 -762.968750 0.000000 -126.569905 0.000000
554.705566 -1273.554809 -762.968750 0.000000 -91.66565 0.000000
141.963851 -1085.312500 -762.968750 0.000000 130.371487 0.000000
170.500213 -876.139099 -762.968750 0.000000 -173.673781 0.000000
48.262466 -1013.569396 -762.968750 0.000000 31.909577000000013 0.000000
59.821716 -966.302734 -762.968750 0.000000 -47.924026999999995 0.000000
543.150329 -1563.372192 -634.968750 0.000000 -33.24655200000001 0.000000
1237.949584 -1013.268798 -762.968750 0.000000 134.538785 0.000000
1236.849609 -952.789672 -762.968750 0.000000 -132.480469 0.000000
1264.150024 -621.204650 -634.968750 0.000000 145.112 0.000000
1302.660766 -403.187927 -634.968750 0.000000 -133.272435 0.000000
1111.990234 -419.746887 -634.968750 0.000000 -40.747071000000005 0.000000
1074.821899 -1982.828857 -634.968750 0.000000 54.9105 0.000000
1635.542480 -1818.144897 -634.968750 0.000000 -118.061909 0.000000
1630.228393 -1970.277709 -634.968750 0.000000 126.326088 0.000000
1465.031250 -2196.339111 -634.968750 0.000000 55.541115000000005 0.000000
1589.242309 -2292.111816 -570.968750 0.000000 130.820519 0.000000
1451.810913 -2396.976074 -410.968750 0.000000 147.571259 0.000000
435.450317 -1580.749511 -410.968750 0.000000 -129.703988 0.000000
345.838073 -1567.860229 -410.968750 0.000000 -19.160752000000002 0.000000
128.798522 -1977.339355 -410.968750 0.000000 -46.01843299999999 0.000000
535.569458 -2144.063232 -410.968750 0.000000 174.796041 0.000000
571.612426 -2320.204345 -410.968750 0.000000 -92.143982 0.000000
-149.436264 -1434.564453 -410.968750 0.000000 -143.386338 0.000000
-328.550628 -1227.841796 -410.968750 0.000000 -87.629761 0.000000
-1308.442260 -1242.732055 -411.440917 0.000000 91.540505 0.000000
-1760.687622 -1346.735717 -410.968750 0.000000 139.63469700000002 0.000000
-1837.594360 -1345.079467 -410.968750 0.000000 36.797257 0.000000
-2329.031250 -1204.883789 -410.968750 0.000000 108.571976 0.000000
-2550.641113 -717.248474 -404.973724 0.000000 127.67350400000001 0.000000
-2560.182861 -600.938476 -406.379211 0.000000 -125.635605 0.000000
-1723.732543 -932.699890 -397.659362 0.000000 -137.581681 0.000000
-1335.926879 -935.222106 -386.968750 0.000000 -87.903199 0.000000
-326.585876 -302.925384 -410.968750 0.000000 -134.452988 0.000000
-334.239135 -721.880920 -410.968750 0.000000 132.87963200000002 0.000000
-436.776733 -1089.685668 -410.968750 0.000000 54.395897000000005 0.000000
25.031259 -593.252197 -410.968750 0.000000 55.742211 0.000000
211.964187 -598.442138 -410.968750 0.000000 143.396805 0.000000
220.193313 -313.484619 -410.968750 0.000000 -125.61351400000001 0.000000
102.056640 -191.652435 -410.968750 0.000000 46.020005 0.000000
-227.928894 -603.849365 -410.968750 0.000000 52.098382 0.000000
425.942596 -1170.968750 -378.968750 0.000000 -171.697172 0.000000
440.919677 -935.209777 -378.968750 0.000000 -135.087037 0.000000
900.528320 -1438.179565 -410.968750 0.000000 92.677529 0.000000
381.038848 -1438.083740 -410.968750 0.000000 91.516518 0.000000
350.758178 -1232.644531 -410.968750 0.000000 -45.86210700000001 0.000000
505.016479 -1124.005493 -410.968750 0.000000 -52.429299 0.000000
472.513000 -354.225738 -410.968750 0.000000 -84.327065 0.000000
888.621093 -356.362304 -410.968750 0.000000 -167.95878 0.000000
693.793457 -676.590881 -410.968750 0.000000 89.041543 0.000000
508.593078 -983.065185 -410.968750 0.000000 55.995659 0.000000
522.603820 -1589.597045 -410.968750 0.000000 -8.948364999999995 0.000000
805.983947 -1574.138183 -410.968750 0.000000 -85.118744 0.000000
1621.453979 -2190.550292 -410.968750 0.000000 1.8787539999999865 0.000000
2910.404296 -308.142944 -346.968750 0.000000 -0.9282080000000121 0.000000
1248.112670 -334.800903 -98.968750 0.000000 -132.57377300000002 0.000000
1244.043701 -454.540527 -98.968750 0.000000 130.426068 0.000000
312.628234 -306.344726 -122.890625 0.000000 -50.823182 0.000000
950.389099 -324.490966 -122.890625 0.000000 -135.151402 0.000000
966.244812 -1479.693237 -122.890625 0.000000 140.955994 0.000000
315.819091 -1470.897827 -122.890625 0.000000 49.955291999999986 0.000000
332.403381 -893.744873 -122.890625 0.000000 -1.0297860000000014 0.000000
374.626281 -980.795715 -254.693389 0.000000 -37.501114 0.000000
806.230407 -1734.935424 -410.968750 0.000000 120.796074 0.000000
1478.968750 -1625.010986 -410.968750 0.000000 -1.2673189999999863 0.000000
956.118286 -937.840515 -122.890625 0.000000 -179.562439 0.000000
1909.970947 -787.821655 -346.968750 0.000000 173.347718 0.000000
2414.950683 -485.353912 -346.968750 0.000000 61.61455599999999 0.000000
2094.465087 -1775.049926 -410.968750 0.000000 122.02980099999999 0.000000
2093.368408 -1647.092651 -410.968750 0.000000 -135.445767 0.000000
1367.304687 -1396.088989 -410.968750 0.000000 46.650712 0.000000
2076.539306 -1939.234863 -410.968750 0.000000 -142.554631 0.000000
1552.963012 -2136.102783 -325.977478 0.000000 1.823410999999993 0.000000
488.608886 -1561.031250 -183.865188 0.000000 -67.680993 0.000000
27.335767 -1497.071899 -53.433982 0.000000 -176.194578 0.000000
223.622238 -292.836517 -166.968750 0.000000 -138.000203 0.000000
197.457717 -928.094726 -90.968750 0.000000 -171.973482 0.000000
227.168029 -1081.031250 -166.968750 0.000000 -142.883751 0.000000
222.625900 -1217.031250 -212.818710 0.000000 -154.427065 0.000000
227.985382 -1263.031250 -266.968750 0.000000 -139.280083 0.000000
230.968750 -1344.811035 -266.968750 0.000000 91.406075 0.000000
220.955337 -697.558227 -138.968750 0.000000 -179.794626 0.000000
1204.825195 -2470.968750 -410.968750 0.000000 138.747609 0.000000
