-1362.569702 498.394989 485.031250 0.000000 171.443875 0.000000
-1698.731445 514.664001 477.031250 0.000000 102.185235 0.000000
-1667.135620 633.469909 485.031250 0.000000 -157.86800399999998 0.000000
-2201.998046 1118.967041 361.031250 0.000000 21.440597999999994 0.000000
-1760.279785 1294.140014 361.579345 0.000000 -131.65292399999998 0.000000
-1855.441040 306.125183 485.031250 0.000000 126.140976 0.000000
-2243.929199 61.444465 425.825775 0.000000 -74.728135 0.000000
-2019.012084 -940.828369 400.569061 0.000000 149.40796699999999 0.000000
-2200.436523 -1125.363769 401.469451 0.000000 136.003365 0.000000
-2342.968750 -651.530517 397.245544 0.000000 -59.557862 0.000000
-2541.808837 -118.429016 437.031250 0.000000 -119.51190199999999 0.000000
-2709.655761 -208.245620 437.031250 0.000000 51.417969 0.000000
-2856.968750 -27.452163 452.962219 0.000000 50.30891500000001 0.000000
-3144.340576 480.111877 484.685363 0.000000 -58.967124999999996 0.000000
-3242.143066 -328.379333 538.543884 0.000000 125.584893 0.000000
-3939.417968 -270.559844 544.658752 0.000000 -21.746582999999987 0.000000
-3558.073242 -494.065673 509.615234 0.000000 -142.46373 0.000000
-3234.520019 -665.300170 493.031250 0.000000 -129.573826 0.000000
-3461.638183 -657.979370 493.031250 0.000000 -37.92321799999999 0.000000
-3366.337646 -958.913146 493.031250 0.000000 38.66374300000001 0.000000
-2342.968750 -446.968750 399.379608 0.000000 54.785163999999995 0.000000
-2586.357177 586.928710 485.031250 0.000000 -78.848542 0.000000
-2577.403564 864.818908 477.031250 0.000000 14.11260999999999 0.000000
-2661.509277 1366.444824 479.031250 0.000000 21.299653000000006 0.000000
-2687.183593 1648.334716 367.031250 0.000000 -53.029961 0.000000
-2398.525390 1618.032348 361.031250 0.000000 -138.169938 0.000000
-2278.291992 1403.570068 361.031250 0.000000 -130.348862 0.000000
-2465.270019 1094.746704 357.031250 0.000000 36.621216000000004 0.000000
-2125.375000 936.999389 261.031250 0.000000 -148.40622 0.000000
-2185.802001 677.140808 261.031250 0.000000 25.21644599999999 0.000000
-1891.708862 444.367034 261.031250 0.000000 125.523304 0.000000
-1976.837280 721.062988 261.031250 0.000000 -155.379521 0.000000
-2050.602539 479.201171 109.031250 0.000000 -36.26649499999999 0.000000
-2200.393066 197.912368 133.031250 0.000000 12.242310000000003 0.000000
-1837.527709 217.548156 165.031250 0.000000 -160.643153 0.000000
-2005.898803 -432.864318 138.644226 0.000000 -38.322327 0.000000
-1889.653320 -720.800048 133.031250 0.000000 39.16005000000001 0.000000
-1821.264648 -726.968750 133.031250 0.000000 155.737397 0.000000
-1643.338867 -284.737060 133.031250 0.000000 45.554001 0.000000
-1719.376098 60.199111 134.110382 0.000000 21.85334800000001 0.000000
-1495.344360 539.687622 27.767055 0.000000 -73.899384 0.000000
-1297.031250 -103.612854 25.388839 0.000000 115.147576 0.000000
-1380.184570 -130.462585 5.031250 0.000000 23.691452999999996 0.000000
-1499.805053 -401.361114 25.529787 0.000000 -140.27582999999998 0.000000
-320.801147 -726.213684 60.209854 0.000000 -166.487405 0.000000
-154.227081 -1489.985595 44.217124 0.000000 105.521279 0.000000
-313.207366 -1494.039550 24.048357 0.000000 31.319000999999986 0.000000
-495.926452 -1542.334960 149.031250 0.000000 27.687439000000012 0.000000
-957.941406 -1421.124267 149.031250 0.000000 -34.128174 0.000000
-2095.964843 -1225.221923 437.031250 0.000000 -154.556622 0.000000
-2203.178955 -1238.653320 437.031250 0.000000 -65.001198 0.000000
-1833.434448 -1345.389770 245.031250 0.000000 166.496849 0.000000
-2001.042358 -1112.175292 133.031250 0.000000 90.227105 0.000000
-2118.112548 -900.594360 133.031250 0.000000 -49.06613200000001 0.000000
-2041.921752 -829.778930 133.031250 0.000000 -150.640059 0.000000
-1712.833374 -1104.109497 101.031250 0.000000 125.922715 0.000000
-1905.326171 -1565.839233 101.031250 0.000000 -37.76405399999999 0.000000
-1927.657470 -1787.019775 101.031250 0.000000 43.078843000000006 0.000000
-1887.197265 -1887.920654 101.031250 0.000000 46.563355 0.000000
-1614.862060 -1973.233032 101.031250 0.000000 121.823613 0.000000
-1664.358398 -2163.522705 341.031250 0.000000 34.89238 0.000000
-1327.753173 -2399.354492 341.031250 0.000000 124.754258 0.000000
-1487.200683 -3032.342529 291.386627 0.000000 -49.50572299999999 0.000000
-1229.516113 -3215.000732 287.562530 0.000000 130.868832 0.000000
-913.288818 -2269.569091 153.813766 0.000000 -7.371125000000006 0.000000
-1870.347534 -2575.162597 428.218444 0.000000 138.237828 0.000000
-2841.661865 -2920.152099 483.034118 0.000000 84.382081 0.000000
-3546.249755 -2475.850341 479.874176 0.000000 69.790055 0.000000
-2574.968750 -612.869140 437.031250 0.000000 59.078179000000006 0.000000
-2569.897705 -486.731445 437.031250 0.000000 -49.980256 0.000000
-2338.708007 1251.781127 485.031250 0.000000 -155.989569 0.000000
-2524.487060 1500.852661 361.031250 0.000000 59.232918 0.000000
-1963.008544 363.934722 109.031250 0.000000 110.340249 0.000000
-1993.817260 -74.755149 138.562149 0.000000 -39.13003599999999 0.000000
-1630.304809 -1062.623779 101.031250 0.000000 93.90149 0.000000
-2866.968750 -1611.469848 449.849578 0.000000 83.80375 0.000000
-2864.457519 -1054.685668 454.696105 0.000000 -48.654572 0.000000
-3412.769287 -1060.636474 515.468505 0.000000 -129.118443 0.000000
-2202.969726 759.469909 477.031250 0.000000 107.686127 0.000000
-2350.350830 -1679.849853 482.588836 0.000000 -98.394845 0.000000
-1619.721801 -1974.403808 341.031250 0.000000 -174.218685 0.000000
-454.074401 -2666.332763 157.031250 0.000000 147.072258 0.000000
-11.966174 -1908.826904 181.031250 0.000000 -133.1932 0.000000
-132.214752 -1878.254638 154.702774 0.000000 -36.806748 0.000000
-654.506469 -1999.041137 155.782577 0.000000 47.634063999999995 0.000000
-842.543823 -1715.887207 158.050598 0.000000 27.860062 0.000000
-437.266998 -290.649291 29.936885 0.000000 174.633303 0.000000
-498.193267 364.376892 29.137668 0.000000 -79.734734 0.000000
-815.623535 415.995025 101.031250 0.000000 176.929801 0.000000
-807.088684 464.632507 101.031250 0.000000 -90.18853 0.000000
-1141.146240 -75.600028 103.031250 0.000000 2.4789590000000032 0.000000
-868.104492 -548.349487 101.031250 0.000000 -179.756766 0.000000
-1268.786010 -1064.828002 5.031250 0.000000 147.137688 0.000000
-1533.294189 -1063.875122 10.467061 0.000000 80.0393 0.000000
-1513.832397 566.019592 485.031250 0.000000 -113.848061 0.000000
-1619.852172 -393.661590 101.031250 0.000000 -72.790177 0.000000
-1222.685058 133.940872 105.031250 0.000000 -86.56733 0.000000
-578.968750 -231.546508 13.776050 0.000000 5.0079959999999915 0.000000
-1809.031250 116.529197 133.031250 0.000000 -175.132281 0.000000
-1820.832763 -419.936584 133.031250 0.000000 -178.438842 0.000000
